0.jpg 1 0 0 389 60
1.jpg 1 0 0 340 22
10.jpg 1 0 0 497 53
11.jpg 1 0 0 290 28
12.jpg 1 0 0 413 46
13.jpg 1 0 0 197 34
14.jpg 1 0 0 872 132
15.jpg 1 0 0 435 33
16.jpg 1 0 0 1137 162
17.jpg 1 0 0 420 38
18.jpg 1 0 0 214 29
19.jpg 1 0 0 137 29
2.jpg 1 0 0 543 50
20.jpg 1 0 0 193 43
21.jpg 1 0 0 114 20
22.jpg 1 0 0 296 48
23.jpg 1 0 0 162 22
24.jpg 1 0 0 120 17
25.jpg 1 0 0 174 25
26.jpg 1 0 0 155 16
27.jpg 1 0 0 356 43
28.jpg 1 0 0 535 68
29.jpg 1 0 0 1998 418
3.jpg 1 0 0 717 73
30.jpg 1 0 0 194 48
4.jpg 1 0 0 278 35
5.jpg 1 0 0 165 15
6.jpg 1 0 0 639 70
7.jpg 1 0 0 193 26
8.jpg 1 0 0 613 68
9.jpg 1 0 0 105 9
